Conditional_gradient_part1
|                        i|                    (x,y)|                Grad(x,y)|                   G(x,y)|
+-------------------------+-------------------------+-------------------------+-------------------------+
|                        1|      (0.683157,0.730271)|        (-606807,-651400)|                      -83|
|                        2|        (1.36477,1.46198)|        (-375948,-405974)|                      -80|
|                        3|         (2.04423,2.1957)|        (-221447,-241194)|                      -75|
|                        4|        (2.72054,2.93232)|        (-122465,-135118)|                 -68.0002|
|                        5|         (3.3921,3.67327)|      (-62404.7,-70267.2)|                 -59.0008|
|                        6|        (4.05613,4.42097)|      (-28417.7,-33102.1)|                 -48.0028|
|                        7|        (4.70751,5.17972)|      (-10904.6,-13502.4)|                 -35.0098|
|                        8|         (5.33581,5.9577)|      (-3022.44,-4245.68)|                  -20.035|
|                        9|        (5.91575,6.77235)|      (-193.227,-488.823)|                 -3.13915|
|                       10|        (5.98385,6.94463)|       (-31.6441,-106.05)|                0.0343167|
|                       11|        (5.98326,6.94266)|       (-32.8588,-109.95)|              4.20678e-06|

Started point on G: (5.98326,6.94266) 

Func was called 24 times 

Conditional_gradient_part2
|                        i|                    (x,y)|                Grad(x,y)|                   G(x,y)|             Grad(G(x,y))|                  Tangent|                      cos|
+-------------------------+-------------------------+-------------------------+-------------------------+-------------------------+-------------------------+-------------------------+
|                       12|        (5.90733,7.00774)|       (-178.899,11.8593)|               0.00500218|        (11.8147,14.0155)|     (-0.757507,0.652827)|                 0.592539|
|                       13|        (5.94543,6.97536)|       (-104.752,-47.982)|               0.00375113|        (11.8909,13.9507)|     (0.764584,-0.644524)|                 0.906697|
|                       14|        (5.98337,6.94279)|       (-32.6403,-109.69)|               0.00312559|        (11.9667,13.8856)|     (0.761057,-0.648685)|                 0.912237|
|                       15|        (5.96437,6.95904)|      (-68.5495,-78.7259)|               0.00187531|        (11.9287,13.9181)|     (-0.757507,0.652827)|                 0.999969|

conditional minimum: (5.96437,6.95904) 

Func was called 8 times 

